2021.827
8988.734
8990.251
8991.676
8993.009
8990.466
8995.063
8988.98
8988.886
10998.12
10981.26
10975.42
10985.22
10965.02
10994.82
10970.05
10982.99
10973.23
10982.78
10972.98
10977.59
10969.72
10971.89
10968.99
10976.69
10970.18
10968.48
10993.52
10972.84
10971
10978.71
10973.01
10972.02
10958.04
10966.8
10974.21
10967.4
10972.77
10976.36
10981.92
10968.8
10985.32
13171.3
13159.07
16780.51
16792.47
16790.13
16811.02
16790.97
16863.19
16811.37
16793.06
16789.43
16789.62
16793.66
16788.47
28763.83
16787.4
16787.55
36000.04
35973.98
36017.04
36013.69
36006.96
36000.67
35986.62
36004.36
36202.47
43176.25
43194.64
43173.14
43185.9
43181.86
43199.79
43175.27
43150.56
43176.43
43175.95
43188.67
43173.18
43185.07
43193.54
43186.21
43172.04
43187.42
43180.23
43181.68
43219.29
43211.68
